3
9
11
12
18
21
35
40
57
69
78
91
103
116
119
121
125
130
131
134
155
156
177
178
179
182
187
191
204
216
234
263
267
270
281
283
297
310
321
341
342
344
345
350
354
360
385
406
418
420
423
428
447
452
453
478
490
496
515
527
533
572
575
584
585
586
594
599
600
601
611
613
641
643
654
666
676
696
698
702
713
720
727
731
735
738
763
807
810
814
821
836
839
843
858
862
863
864
875
876
884
888
893
894
904
920
921
925
929
940
951
969
972
973
982
983
985
993
994
999
1007
1016
1022
1023
1029
1031
1039
1045
1092
1111
1116
1117
1125
1154
1156
1159
1160
1170
1176
1179
1183
1193
1195
1204
1206
1236
1237
1244
1258
1259
1262
1278
1279
1282
1292
1302
1311
1315
1363
1366
1379
1394
1433
1436
1445
1449
1455
1469
1482
1496
1509
1530
1534
1542
1580
1603
1609
1643
1687
1702
1714
1719
1730
1742
1767
1774
1783
1799
1814
1828
1830
1836
1838
1852
1887
1898
1907
1940
1950
1969
1989
1997
2002
2004
2009
2013
2026
2032
2054
2057
2066
2088
2110
2120
2121
2122
2136
2145
2147
2148
2152
2157
2163
2174
2219
2225
2245
2248
2259
2267
2275
2283
2288
2303
2353
2356
2366
2373
2378
2389
2405
2418
2454
2457
2480
2492
2507
2509
2515
2544
2556
2563
2564
2605
2628
2630
2653
2656
2657
2683
2723
2762
2775
2789
2790
2806
2807
2826
2827
2850
2874
2880
2882
2886
2924
2925
2949
2960
2969
2978
2988
3014
3052
3064
3068
3077
3087
3089
3114
3119
3131
3139
3144
3149
3158
3165
3181
3196
3225
3259
3269
3284
3294
3318
3334
3339
3345
3348
3370
3373
3392
3406
3443
3446
3453
3465
3481
3491
3506
3522
3528
3563
3577
3583
3596
3609
3629
3630
3653
3668
3673
3681
3698
3711
3724
3725
3729
3733
3777
3784
3805
3812
3832
3845
3860
3874
3878
3886
3892
3901
3921
3923
3929
3938
3940
3949
3969
3972
3990
4009
4027
4028
4034
4044
4052
4057
4066
4067
4091
4094
4109
4114
4127
4155
4159
4162
4163
4168
4174
4183
4184
4222
4250
4263
4280
4309
4320
4325
4339
4361
4365
4368
4369
4377
4382
4410
4414
4434
4435
4458
4487
4508
4538
4543
4549
4555
4556
4565
4602
4642
4647
4654
4665
4666
4667
4673
4686
4698
4732
4741
4747
4750
4751
4753
4767
4774
4775
4788
4790
4795
4799
4802
4808
4814
4816
4818
4829
4836
4841
4867
4912
4936
4944
4971
4986
4989
4994
5008
5025
5030
5037
5055
5072
5081
5085
5099
5102
5106
5112
5129
5133
5155
5177
5214
5217
5235
5250
5254
5270
5292
5299
5305
5306
5309
5314
5323
5330
5373
5378
5396
5399
5401
5422
5431
5451
5457
5476
5493
5504
5542
5551
5581
5587
5589
5610
5647
5654
5678
5693
5716
5721
5725
5727
5732
5744
5763
5766
5771
5774
5776
5787
5791
5805
5825
5828
5853
5854
5878
5880
5893
5904
5953
5960
5961
5970
5971
5974
5992
6002
6032
6033
6038
6049
6050
6066
6097
6103
6107
6130
6149
6177
6188
6193
6234
6235
6292
6309
6323
6344
6347
6349
6351
6355
6363
6368
6372
6383
6407
6410
6420
6442
6448
6457
6471
6473
6481
6487
6495
6503
6514
6528
6532
6546
6556
6560
6561
6601
6616
6637
6643
6681
6695
6696
6709
6710
6729
6746
6765
6785
6791
6793
6826
6852
6855
6856
6859
6865
6889
6904
6908
6909
6912
6973
6975
6980
6985
7000
7011
7018
7022
7033
7047
7072
7087
7097
7144
7161
7164
7187
7191
7194
7223
7233
7239
7280
7282
7288
7294
7304
7305
7307
7312
7352
7361
7362
7376
7386
7400
7408
7438
7450
7452
7482
7486
7499
7516
7531
7536
7544
7559
7571
7575
7594
7606
7626
7631
7632
7675
7685
7694
7700
7712
7743
7749
7759
7767
7780
7784
7797
7801
7808
7814
7822
7831
7847
7872
7873
7874
7913
7931
7939
7943
7951
7960
7984
8005
8028
8041
8068
8076
8154
8155
8162
8163
8175
8192
8208
8234
8249
8256
8286
8290
8308
8317
8327
8342
8343
8353
8354
8357
8374
8380
8383
8393
8400
8428
8433
8487
8506
8519
8521
8600
8607
8673
8691
8697
8706
8718
8781
8794
8800
8826
8836
8843
8846
8848
8860
8861
8863
8882
8904
8925
8936
8977
9033
9063
9078
9085
9093
9111
9118
9135
9136
9139
9182
9187
9205
9218
9225
9229
9232
9240
9281
9284
9292
9321
9327
9354
9370
9384
9409
9411
9441
9444
9447
9468
9484
9496
9506
9509
9510
9523
9545
9549
9551
9559
9560
9563
9571
9591
9606
9609
9623
9625
9635
9656
9701
9730
9764
9792
9801
9809
9821
9833
9847
9865
9892
9914
9918
9950
9952
9954
9956
9966
9982
9991
10011
10038
10060
10063
10083
10091
10107
10115
10123
10134
10135
10149
10159
10182
10196
10210
10218
10219
10227
10259
10276
10289
10304
10317
10347
10353
10366
10369
10370
10377
10380
10390
10392
10413
10416
10424
10438
10450
10453
10515
10521
10525
10536
10548
10550
10551
10557
10560
10561
10591
10616
10624
10635
10638
10642
10647
10661
10668
10680
10701
10702
10705
10741
10750
10768
10787
10789
10791
10792
10798
10854
10868
10900
10901
10905
10907
10936
10937
10957
10958
10991
11017
11020
11029
11033
11060
11094
11113
11130
11135
11152
11177
11201
11230
11233
11245
11261
11289
11316
11331
11334
11339
11352
11358
11379
11400
11403
11408
11424
11428
11455
11461
11480
11483
11488
11511
11512
11513
11526
11536
11543
11547
11556
11561
11575
11582
11588
11612
11619
11621
11628
11631
11646
11670
11678
11684
11706
11719
11722
11728
11734
11777
11786
11798
11813
11837
11843
11859
11866
11884
11890
11893
11894
11917
11919
11923
11931
11943
11967
11979
11987
12001
12002
12031
12049
12060
12068
12071
12072
12078
12093
12108
12110
12137
12164
12166
12169
12184
12187
12192
12202
12228
12236
12244
